* Strip t0 ec edead A0 A1 ealph dwidth pede C0 C1 C2 C3 C4
* for the dead layer and T0  : 16409.102
* for the Am calibration     : 190112.yel1.alpha0
* for the Integral/Amplitude : default
* 
Channel01=14.812 9.058   105.7 10.0 100.00 7.261  0.0  0.0    0    0    0    0    0
Channel02=14.726 9.097   111.0 10.0 100.00 7.239  0.0  0.0    0    0    0    0    0
Channel03=14.166 8.941   110.6 10.0 100.00 7.118  0.0  0.0    0    0    0    0    0
Channel04=14.038 8.901   110.7 10.0 100.00 7.087  0.0  0.0    0    0    0    0    0
Channel05=13.445 8.723   107.3 10.0 100.00 6.977  0.0  0.0    0    0    0    0    0
Channel06=13.879 8.794   104.3 10.0 100.00 7.063  0.0  0.0    0    0    0    0    0
Channel07=15.023 9.054   103.1 10.0 100.00 7.283  0.0  0.0    0    0    0    0    0
Channel08=13.642 8.575    84.2 10.0 100.00 7.092  0.0  0.0    0    0    0    0    0
Channel09=14.942 8.755    97.9 10.0 100.00 7.095  0.0  0.0    0    0    0    0    0
Channel10=14.065 8.670    99.0 10.0 100.00 7.015  0.0  0.0    0    0    0    0    0
Channel11=13.453 8.861   105.8 10.0 100.00 7.102  0.0  0.0    0    0    0    0    0
Channel12=14.177 8.859   106.9 10.0 100.00 7.089  0.0  0.0    0    0    0    0    0
Channel13=16.667 8.868    83.9 10.0 100.00 7.338  0.0  0.0    0    0    0    0    0
Channel14=16.421 9.281    84.6 10.0 100.00 7.672  0.0  0.0    0    0    0    0    0
Channel15=16.134 9.030    81.7 10.0 100.00 7.498  0.0  0.0    0    0    0    0    0
Channel16=15.543 9.164    83.8 10.0 100.00 7.583  0.0  0.0    0    0    0    0    0
Channel17=16.059 9.037    90.0 10.0 100.00 7.409  0.0  0.0    0    0    0    0    0
Channel18=15.540 8.895    82.5 10.0 100.00 7.377  0.0  0.0    0    0    0    0    0
Channel19=16.940 8.995    69.6 10.0 100.00 7.616  0.0  0.0    0    0    0    0    0
Channel20=17.551 9.320    72.6 10.0 100.00 7.852  0.0  0.0    0    0    0    0    0
Channel21=16.766 8.957    67.9 10.0 100.00 7.605  0.0  0.0    0    0    0    0    0
Channel22=16.701 8.936    70.2 10.0 100.00 7.559  0.0  0.0    0    0    0    0    0
Channel23=16.530 8.536    78.9 10.0 100.00 7.119  0.0  0.0    0    0    0    0    0
Channel24=16.467 8.934    76.7 10.0 100.00 7.477  0.0  0.0    0    0    0    0    0
Channel25=14.473 9.292   111.4 10.0 100.00 7.391  0.0  0.0    0    0    0    0    0
Channel26=13.364 9.135   115.9 10.0 100.00 7.222  0.0  0.0    0    0    0    0    0
Channel27=14.463 9.100   121.1 10.0 100.00 7.146  0.0  0.0    0    0    0    0    0
Channel28=13.808 9.010   117.6 10.0 100.00 7.107  0.0  0.0    0    0    0    0    0
Channel29=13.712 9.384   120.7 10.0 100.00 7.373  0.0  0.0    0    0    0    0    0
Channel30=14.141 9.135   114.0 10.0 100.00 7.240  0.0  0.0    0    0    0    0    0
Channel31=13.857 8.919   101.9 10.0 100.00 7.187  0.0  0.0    0    0    0    0    0
Channel32=13.908 9.003    94.6 10.0 100.00 7.330  0.0  0.0    0    0    0    0    0
Channel33=13.158 8.916    97.9 10.0 100.00 7.225  0.0  0.0    0    0    0    0    0
Channel34=13.356 9.254   108.9 10.0 100.00 7.385  0.0  0.0    0    0    0    0    0
Channel35=14.294 9.056   117.9 10.0 100.00 7.141  0.0  0.0    0    0    0    0    0
Channel36=13.993 9.370   110.0 10.0 100.00 7.466  0.0  0.0    0    0    0    0    0
Channel37=14.289 9.123   106.8 10.0 100.00 7.301  0.0  0.0    0    0    0    0    0
Channel38=13.470 9.075    99.5 10.0 100.00 7.337  0.0  0.0    0    0    0    0    0
Channel39=13.812 8.931   106.4 10.0 100.00 7.152  0.0  0.0    0    0    0    0    0
Channel40=13.394 9.205    99.0 10.0 100.00 7.448  0.0  0.0    0    0    0    0    0
Channel41=13.481 8.918    96.4 10.0 100.00 7.243  0.0  0.0    0    0    0    0    0
Channel42=13.834 8.653    88.9 10.0 100.00 7.106  0.0  0.0    0    0    0    0    0
Channel43=13.450 8.739    94.7 10.0 100.00 7.115  0.0  0.0    0    0    0    0    0
Channel44=12.592 8.927   103.4 10.0 100.00 7.179  0.0  0.0    0    0    0    0    0
Channel45=13.696 8.833   112.8 10.0 100.00 7.013  0.0  0.0    0    0    0    0    0
Channel46=12.747 8.920   111.7 10.0 100.00 7.091  0.0  0.0    0    0    0    0    0
Channel47=13.065 9.156   116.6 10.0 100.00 7.233  0.0  0.0    0    0    0    0    0
Channel48=13.677 9.012   114.6 10.0 100.00 7.137  0.0  0.0    0    0    0    0    0
Channel49=16.545 9.112    86.1 10.0 100.00 7.514  0.0  0.0    0    0    0    0    0
Channel50=16.303 9.005    81.1 10.0 100.00 7.484  0.0  0.0    0    0    0    0    0
Channel51=16.187 8.990    80.2 10.0 100.00 7.481  0.0  0.0    0    0    0    0    0
Channel52=15.090 8.784    73.9 10.0 100.00 7.384  0.0  0.0    0    0    0    0    0
Channel53=15.787 8.742    68.0 10.0 100.00 7.422  0.0  0.0    0    0    0    0    0
Channel54=15.317 8.453    57.9 10.0 100.00 7.305  0.0  0.0    0    0    0    0    0
Channel55=15.760 8.315    55.0 10.0 100.00 7.224  0.0  0.0    0    0    0    0    0
Channel56=15.367 8.883    62.0 10.0 100.00 7.620  0.0  0.0    0    0    0    0    0
Channel57=16.337 8.649    81.3 10.0 100.00 7.186  0.0  0.0    0    0    0    0    0
Channel58=16.337 8.649    81.3 10.0 100.00 7.319  0.0  0.0    0    0    0    0    0
Channel59=15.963 8.658    79.2 10.0 100.00 7.217  0.0  0.0    0    0    0    0    0
Channel60=16.376 8.982    78.8 10.0 100.00 7.491  0.0  0.0    0    0    0    0    0
Channel61=15.239 8.969   117.9 10.0 100.00 7.073  0.0  0.0    0    0    0    0    0
Channel62=14.686 9.016   113.1 10.0 100.00 7.155  0.0  0.0    0    0    0    0    0
Channel63=16.012 8.831   109.4 10.0 100.00 7.043  0.0  0.0    0    0    0    0    0
Channel64=16.012 8.831   109.4 10.0 100.00 7.043  0.0  0.0    0    0    0    0    0
Channel65=14.775 8.951    99.2 10.0 100.00 7.241  0.0  0.0    0    0    0    0    0
Channel66=14.593 8.577    90.2 10.0 100.00 7.030  0.0  0.0    0    0    0    0    0
Channel67=14.948 8.893   105.4 10.0 100.00 7.131  0.0  0.0    0    0    0    0    0
Channel68=14.777 9.424   107.8 10.0 100.00 7.532  0.0  0.0    0    0    0    0    0
Channel69=14.994 9.253   117.9 10.0 100.00 7.297  0.0  0.0    0    0    0    0    0
Channel70=14.101 8.870   117.6 10.0 100.00 6.997  0.0  0.0    0    0    0    0    0
Channel71=15.285 9.361   117.6 10.0 100.00 7.385  0.0  0.0    0    0    0    0    0
Channel72=14.808 9.074   115.4 10.0 100.00 7.178  0.0  0.0    0    0    0    0    0
Channel73=15.000 6.751   100.0 10.0 100.00 6.751  0.0  0.0    0    0    0    0    0
Channel74=15.000 6.751   100.0 10.0 100.00 6.751  0.0  0.0    0    0    0    0    0
Channel75=15.000 6.751   100.0 10.0 100.00 6.751  0.0  0.0    0    0    0    0    0
Channel76=15.000 6.751   100.0 10.0 100.00 6.751  0.0  0.0    0    0    0    0    0
Channel77=15.000 6.751   100.0 10.0 100.00 6.751  0.0  0.0    0    0    0    0    0
Channel78=15.000 6.751   100.0 10.0 100.00 6.751  0.0  0.0    0    0    0    0    0
Channel79=15.000 6.751   100.0 10.0 100.00 6.751  0.0  0.0    0    0    0    0    0
Channel80=15.000 6.751   100.0 10.0 100.00 6.751  0.0  0.0    0    0    0    0    0
