* Strip t0 ec edead A0 A1 ealph dwidth pede C0 C1 C2 C3 C4
* for the dead layer and T0  : 17072.004
* for the Am calibration     : 150213a.blu1.alpha0
* for the Integral/Amplitude : default
*
Channel01=10.743 7.185    47.3 10.0 100.00 6.743  0.0  0.0    0    0    0    0    0
Channel02=10.743 7.185    47.3 10.0 100.00 6.627  0.0  0.0    0    0    0    0    0
Channel03=10.743 7.185    47.3 10.0 100.00 7.089  0.0  0.0    0    0    0    0    0
Channel04=10.743 7.185    47.3 10.0 100.00 6.821  0.0  0.0    0    0    0    0    0
Channel05=10.743 7.185    47.3 10.0 100.00 6.844  0.0  0.0    0    0    0    0    0
Channel06=10.743 7.185    47.3 10.0 100.00 6.496  0.0  0.0    0    0    0    0    0
Channel07=10.743 7.185    47.3 10.0 100.00 6.951  0.0  0.0    0    0    0    0    0
Channel08=10.743 7.185    47.3 10.0 100.00 6.334  0.0  0.0    0    0    0    0    0
Channel09=10.743 7.185    47.3 10.0 100.00 6.755  0.0  0.0    0    0    0    0    0
Channel10=10.743 7.185    47.3 10.0 100.00 6.922  0.0  0.0    0    0    0    0    0
Channel11=10.743 7.185    47.3 10.0 100.00 6.753  0.0  0.0    0    0    0    0    0
Channel12=10.743 7.185    47.3 10.0 100.00 6.828  0.0  0.0    0    0    0    0    0
Channel13=11.013 8.082    58.2 10.0 100.00 6.980  0.0  0.0    0    0    0    0    0
Channel14=11.610 8.393    66.4 10.0 100.00 7.145  0.0  0.0    0    0    0    0    0
Channel15=10.682 7.940    57.9 10.0 100.00 6.861  0.0  0.0    0    0    0    0    0
Channel16=11.521 7.850    64.0 10.0 100.00 6.710  0.0  0.0    0    0    0    0    0
Channel17=11.166 7.715    59.1 10.0 100.00 6.652  0.0  0.0    0    0    0    0    0
Channel18=10.567 8.552    58.7 10.0 100.00 7.379  0.0  0.0    0    0    0    0    0
Channel19=11.469 8.033    52.9 10.0 100.00 7.005  0.0  0.0    0    0    0    0    0
Channel20=9.984 7.922    54.3 10.0 100.00 6.892  0.0  0.0    0    0    0    0    0
Channel21=11.262 8.032    46.6 10.0 100.00 7.091  0.0  0.0    0    0    0    0    0
Channel22=10.513 7.585    51.2 10.0 100.00 6.637  0.0  0.0    0    0    0    0    0
Channel23=12.235 7.787    53.2 10.0 100.00 6.787  0.0  0.0    0    0    0    0    0
Channel24=10.590 7.952    51.8 10.0 100.00 6.950  0.0  0.0    0    0    0    0    0
Channel25=11.446 7.963    62.6 10.0 100.00 6.824  0.0  0.0    0    0    0    0    0
Channel26=10.448 8.069    67.3 10.0 100.00 6.858  0.0  0.0    0    0    0    0    0
Channel27=10.749 7.874    52.0 10.0 100.00 6.879  0.0  0.0    0    0    0    0    0
Channel28=10.116 7.762    55.0 10.0 100.00 6.743  0.0  0.0    0    0    0    0    0
Channel29=10.401 7.488    49.9 10.0 100.00 6.569  0.0  0.0    0    0    0    0    0
Channel30=10.321 7.938    53.0 10.0 100.00 6.921  0.0  0.0    0    0    0    0    0
Channel31=11.460 7.713    51.2 10.0 100.00 6.749  0.0  0.0    0    0    0    0    0
Channel32=9.584 7.554    51.9 10.0 100.00 6.601  0.0  0.0    0    0    0    0    0
Channel33=11.863 7.911    58.3 10.0 100.00 6.831  0.0  0.0    0    0    0    0    0
Channel34=11.075 8.105    69.2 10.0 100.00 6.867  0.0  0.0    0    0    0    0    0
Channel35=11.244 7.796    66.5 10.0 100.00 6.636  0.0  0.0    0    0    0    0    0
Channel36=10.584 7.925    64.3 10.0 100.00 6.771  0.0  0.0    0    0    0    0    0
Channel37=11.127 7.637    52.8 10.0 100.00 6.661  0.0  0.0    0    0    0    0    0
Channel38=10.106 7.101    63.2 10.0 100.00 6.079  0.0  0.0    0    0    0    0    0
Channel39=11.865 7.716    52.7 10.0 100.00 6.732  0.0  0.0    0    0    0    0    0
Channel40=11.126 7.529    53.5 10.0 100.00 6.560  0.0  0.0    0    0    0    0    0
Channel41=11.531 7.779    55.6 10.0 100.00 6.750  0.0  0.0    0    0    0    0    0
Channel42=10.435 7.854    59.4 10.0 100.00 6.769  0.0  0.0    0    0    0    0    0
Channel43=11.351 7.823    61.3 10.0 100.00 6.719  0.0  0.0    0    0    0    0    0
Channel44=10.061 7.935    67.4 10.0 100.00 6.744  0.0  0.0    0    0    0    0    0
Channel45=10.762 7.811    60.1 10.0 100.00 6.723  0.0  0.0    0    0    0    0    0
Channel46=10.556 7.708    65.6 10.0 100.00 6.571  0.0  0.0    0    0    0    0    0
Channel47=11.413 7.959    64.3 10.0 100.00 6.800  0.0  0.0    0    0    0    0    0
Channel48=10.999 7.976    63.0 10.0 100.00 6.830  0.0  0.0    0    0    0    0    0
Channel49=11.776 8.057    48.8 10.0 100.00 7.082  0.0  0.0    0    0    0    0    0
Channel50=10.793 7.955    46.2 10.0 100.00 7.028  0.0  0.0    0    0    0    0    0
Channel51=11.529 7.840    43.5 10.0 100.00 6.964  0.0  0.0    0    0    0    0    0
Channel52=11.063 7.814    44.3 10.0 100.00 6.931  0.0  0.0    0    0    0    0    0
Channel53=10.664 7.529    36.6 10.0 100.00 6.784  0.0  0.0    0    0    0    0    0
Channel54=10.818 8.368    52.2 10.0 100.00 7.308  0.0  0.0    0    0    0    0    0
Channel55=11.627 7.923    45.1 10.0 100.00 7.015  0.0  0.0    0    0    0    0    0
Channel56=10.394 7.760    48.3 10.0 100.00 6.828  0.0  0.0    0    0    0    0    0
Channel57=11.364 8.175    52.7 10.0 100.00 7.133  0.0  0.0    0    0    0    0    0
Channel58=10.922 8.046    51.2 10.0 100.00 7.040  0.0  0.0    0    0    0    0    0
Channel59=12.559 7.945    52.8 10.0 100.00 6.930  0.0  0.0    0    0    0    0    0
Channel60=12.129 7.803    50.6 10.0 100.00 6.923  0.0  0.0    0    0    0    0    0
Channel61=12.129 7.803    50.6 10.0 100.00 7.066  0.0  0.0    0    0    0    0    0
Channel62=12.129 7.803    50.6 10.0 100.00 7.004  0.0  0.0    0    0    0    0    0
Channel63=12.129 7.803    50.6 10.0 100.00 6.998  0.0  0.0    0    0    0    0    0
Channel64=12.129 7.803    50.6 10.0 100.00 6.836  0.0  0.0    0    0    0    0    0
Channel65=12.129 7.803    50.6 10.0 100.00 6.732  0.0  0.0    0    0    0    0    0
Channel66=12.129 7.803    50.6 10.0 100.00 6.975  0.0  0.0    0    0    0    0    0
Channel67=12.129 7.803    50.6 10.0 100.00 7.024  0.0  0.0    0    0    0    0    0
Channel68=12.129 7.803    50.6 10.0 100.00 6.842  0.0  0.0    0    0    0    0    0
Channel69=12.129 7.803    50.6 10.0 100.00 6.772  0.0  0.0    0    0    0    0    0
Channel70=12.129 7.803    50.6 10.0 100.00 6.715  0.0  0.0    0    0    0    0    0
Channel71=12.129 7.803    50.6 10.0 100.00 6.684  0.0  0.0    0    0    0    0    0
Channel72=12.129 7.803    50.6 10.0 100.00 6.833  0.0  0.0    0    0    0    0    0
Channel73=15.000 6.751   100.0 10.0 100.00 6.751  0.0  0.0    0    0    0    0    0
Channel74=15.000 6.751   100.0 10.0 100.00 6.751  0.0  0.0    0    0    0    0    0
Channel75=15.000 6.751   100.0 10.0 100.00 6.751  0.0  0.0    0    0    0    0    0
Channel76=15.000 6.751   100.0 10.0 100.00 6.751  0.0  0.0    0    0    0    0    0
Channel77=15.000 6.751   100.0 10.0 100.00 6.751  0.0  0.0    0    0    0    0    0
Channel78=15.000 6.751   100.0 10.0 100.00 6.751  0.0  0.0    0    0    0    0    0
Channel79=15.000 6.751   100.0 10.0 100.00 6.751  0.0  0.0    0    0    0    0    0
Channel80=15.000 6.751   100.0 10.0 100.00 6.751  0.0  0.0    0    0    0    0    0
