* Strip t0 ec edead A0 A1 ealph dwidth pede C0 C1 C2 C3 C4
* for the dead layer and T0  : 17092.301
* for the Am calibration     : 150213a.yel2.alpha0
* for the Integral/Amplitude : default
*
Channel01=4.343 7.840    43.6 10.0 100.00 6.963  0.0  0.0    0    0    0    0    0
Channel02=6.167 7.791    57.0 10.0 100.00 6.744  0.0  0.0    0    0    0    0    0
Channel03=2.596 7.093    22.2 10.0 100.00 6.604  0.0  0.0    0    0    0    0    0
Channel04=3.217 7.393    26.2 10.0 100.00 6.819  0.0  0.0    0    0    0    0    0
Channel05=5.519 7.625    38.0 10.0 100.00 6.850  0.0  0.0    0    0    0    0    0
Channel06=6.992 7.275    44.5 10.0 100.00 6.449  0.0  0.0    0    0    0    0    0
Channel07=6.908 7.766    36.8 10.0 100.00 6.996  0.0  0.0    0    0    0    0    0
Channel08=6.874 7.547    38.1 10.0 100.00 6.780  0.0  0.0    0    0    0    0    0
Channel09=6.652 7.707    43.4 10.0 100.00 6.847  0.0  0.0    0    0    0    0    0
Channel10=7.817 7.572    55.6 10.0 100.00 6.571  0.0  0.0    0    0    0    0    0
Channel11=6.663 7.728    50.3 10.0 100.00 6.774  0.0  0.0    0    0    0    0    0
Channel12=5.056 7.845    54.2 10.0 100.00 6.826  0.0  0.0    0    0    0    0    0
Channel13=6.725 8.029    51.9 10.0 100.00 7.016  0.0  0.0    0    0    0    0    0
Channel14=6.874 8.336    48.7 10.0 100.00 7.330  0.0  0.0    0    0    0    0    0
Channel15=5.267 7.821    47.7 10.0 100.00 6.889  0.0  0.0    0    0    0    0    0
Channel16=5.454 7.789    45.4 10.0 100.00 6.893  0.0  0.0    0    0    0    0    0
Channel17=4.289 7.839    39.0 10.0 100.00 7.028  0.0  0.0    0    0    0    0    0
Channel18=5.346 8.026    41.8 10.0 100.00 7.153  0.0  0.0    0    0    0    0    0
Channel19=6.660 7.677    38.2 10.0 100.00 6.894  0.0  0.0    0    0    0    0    0
Channel20=5.370 7.788    33.6 10.0 100.00 7.064  0.0  0.0    0    0    0    0    0
Channel21=6.748 7.875    40.3 10.0 100.00 7.041  0.0  0.0    0    0    0    0    0
Channel22=5.074 7.958    37.9 10.0 100.00 7.150  0.0  0.0    0    0    0    0    0
Channel23=5.174 7.634    37.3 10.0 100.00 6.869  0.0  0.0    0    0    0    0    0
Channel24=6.470 7.953    43.5 10.0 100.00 7.065  0.0  0.0    0    0    0    0    0
Channel25=6.167 8.348    57.4 10.0 100.00 7.220  0.0  0.0    0    0    0    0    0
Channel26=6.539 8.210    57.7 10.0 100.00 7.098  0.0  0.0    0    0    0    0    0
Channel27=6.860 7.808    52.9 10.0 100.00 6.810  0.0  0.0    0    0    0    0    0
Channel28=5.415 7.883    48.6 10.0 100.00 6.932  0.0  0.0    0    0    0    0    0
Channel29=5.247 8.067    51.4 10.0 100.00 7.056  0.0  0.0    0    0    0    0    0
Channel30=5.180 7.959    51.0 10.0 100.00 6.968  0.0  0.0    0    0    0    0    0
Channel31=5.197 7.732    44.2 10.0 100.00 6.859  0.0  0.0    0    0    0    0    0
Channel32=5.906 7.959    46.6 10.0 100.00 7.026  0.0  0.0    0    0    0    0    0
Channel33=5.820 7.790    47.3 10.0 100.00 6.867  0.0  0.0    0    0    0    0    0
Channel34=6.978 8.229    46.7 10.0 100.00 7.263  0.0  0.0    0    0    0    0    0
Channel35=6.970 7.910    44.7 10.0 100.00 7.010  0.0  0.0    0    0    0    0    0
Channel36=6.335 7.981    49.2 10.0 100.00 7.010  0.0  0.0    0    0    0    0    0
Channel37=5.149 7.603    46.8 10.0 100.00 6.709  0.0  0.0    0    0    0    0    0
Channel38=5.925 7.503    40.2 10.0 100.00 6.709  0.0  0.0    0    0    0    0    0
Channel39=5.277 7.313    40.6 10.0 100.00 6.534  0.0  0.0    0    0    0    0    0
Channel40=6.954 7.875    44.1 10.0 100.00 6.987  0.0  0.0    0    0    0    0    0
Channel41=5.222 7.685    48.3 10.0 100.00 6.762  0.0  0.0    0    0    0    0    0
Channel42=5.388 7.564    47.3 10.0 100.00 6.668  0.0  0.0    0    0    0    0    0
Channel43=5.339 7.576    50.7 10.0 100.00 6.634  0.0  0.0    0    0    0    0    0
Channel44=4.606 7.831    52.4 10.0 100.00 6.836  0.0  0.0    0    0    0    0    0
Channel45=5.392 7.836    58.7 10.0 100.00 6.761  0.0  0.0    0    0    0    0    0
Channel46=4.295 7.669    53.6 10.0 100.00 6.680  0.0  0.0    0    0    0    0    0
Channel47=4.259 7.670    54.7 10.0 100.00 6.666  0.0  0.0    0    0    0    0    0
Channel48=5.132 7.652    62.1 10.0 100.00 6.563  0.0  0.0    0    0    0    0    0
Channel49=5.250 7.670    38.1 10.0 100.00 6.889  0.0  0.0    0    0    0    0    0
Channel50=6.990 7.966    38.3 10.0 100.00 7.153  0.0  0.0    0    0    0    0    0
Channel51=6.767 7.738    41.1 10.0 100.00 6.907  0.0  0.0    0    0    0    0    0
Channel52=5.610 7.408    34.0 10.0 100.00 6.714  0.0  0.0    0    0    0    0    0
Channel53=5.582 7.696    31.6 10.0 100.00 7.011  0.0  0.0    0    0    0    0    0
Channel54=5.195 7.600    37.2 10.0 100.00 6.840  0.0  0.0    0    0    0    0    0
Channel55=5.437 7.364    35.8 10.0 100.00 6.647  0.0  0.0    0    0    0    0    0
Channel56=4.275 7.406    36.6 10.0 100.00 6.674  0.0  0.0    0    0    0    0    0
Channel57=5.542 7.574    39.3 10.0 100.00 6.786  0.0  0.0    0    0    0    0    0
Channel58=5.587 7.503    41.4 10.0 100.00 6.693  0.0  0.0    0    0    0    0    0
Channel59=6.472 7.648    45.6 10.0 100.00 6.765  0.0  0.0    0    0    0    0    0
Channel60=7.790 7.623    45.9 10.0 100.00 6.739  0.0  0.0    0    0    0    0    0
Channel61=6.989 7.617    37.3 10.0 100.00 6.854  0.0  0.0    0    0    0    0    0
Channel62=5.575 7.763    36.1 10.0 100.00 7.003  0.0  0.0    0    0    0    0    0
Channel63=6.534 7.432    36.0 10.0 100.00 6.704  0.0  0.0    0    0    0    0    0
Channel64=5.275 7.585    35.9 10.0 100.00 6.845  0.0  0.0    0    0    0    0    0
Channel65=5.151 7.627    35.8 10.0 100.00 6.884  0.0  0.0    0    0    0    0    0
Channel66=5.561 7.618    34.3 10.0 100.00 6.899  0.0  0.0    0    0    0    0    0
Channel67=5.087 7.645    35.9 10.0 100.00 6.900  0.0  0.0    0    0    0    0    0
Channel68=4.369 7.878    33.9 10.0 100.00 7.140  0.0  0.0    0    0    0    0    0
Channel69=3.024 7.620    32.6 10.0 100.00 6.927  0.0  0.0    0    0    0    0    0
Channel70=5.824 7.854    37.7 10.0 100.00 7.060  0.0  0.0    0    0    0    0    0
Channel71=3.057 7.617    40.4 10.0 100.00 6.809  0.0  0.0    0    0    0    0    0
Channel72=4.493 7.857    45.1 10.0 100.00 6.957  0.0  0.0    0    0    0    0    0
Channel73=15.000 6.751   100.0 10.0 100.00 6.751  0.0  0.0    0    0    0    0    0
Channel74=15.000 6.751   100.0 10.0 100.00 6.751  0.0  0.0    0    0    0    0    0
Channel75=15.000 6.751   100.0 10.0 100.00 6.751  0.0  0.0    0    0    0    0    0
Channel76=15.000 6.751   100.0 10.0 100.00 6.751  0.0  0.0    0    0    0    0    0
Channel77=15.000 6.751   100.0 10.0 100.00 6.751  0.0  0.0    0    0    0    0    0
Channel78=15.000 6.751   100.0 10.0 100.00 6.751  0.0  0.0    0    0    0    0    0
Channel79=15.000 6.751   100.0 10.0 100.00 6.751  0.0  0.0    0    0    0    0    0
Channel80=15.000 6.751   100.0 10.0 100.00 6.751  0.0  0.0    0    0    0    0    0
